function [rob_param] = rob_model()
%ROBMODEL get the robot model
%% in the order of mass, com(x,y,z), I(ixx, ixy, ixz, iyy, iyz, izz), f, k_d, k_a
rob_param = [
    % 1
    1.3773, -2.3e-5,-0.010364, -0.07336, ...
    0.00457, 1E-06, 2E-06, 0.004831, 0.000448, 0.001409, ...
    0.7295608493620971, 9.328157578924873, 8.516468978521793;
    % 2
    1.1636, -4.4E-05, -0.09958, -0.013278, ...
    0.011088, 5E-06, 0, 0.001072, -0.000691, 0.011255, ...
    0.22932327388265575, 9.578311724253632, 8.155152306627024;
    % 3
    1.1636, -4.4E-05, -0.006641, -0.117892, ...
    0.010932, 0, -7E-06, 0.011127, 0.000606, 0.001043, ...
    0.3294955901131287, 11.085974425315175, 6.00496709291878;
    % 4
    0.9302, -1.8E-05, -0.075478, -0.015006, ...
    0.008147, -1E-06, 0, 0.000631, -0.0005, 0.008316, ...
    0.5411628214698161, 9.209020753329872, 10.06230078487034;
    % 5
    0.6781, 1E-06, -0.009432, -0.063883, ...
    0.001596, 0, 0, 0.001607, 0.000256, 0.000399, ...
    0.11112976693020582, 9.880690422441598, 7.611720345472579;
    % 6
    0.6781, 1E-06, -0.045483, -0.00965, ...
    0.001641, 0, 0, 0.00041, -0.000278, 0.001641, ...
    0.1580253463659173, 9.190825502336914, 7.9015742128123;
    % 7
    0.5, 0.000281, 0.011402, -0.029798, ...
    0.000587, 3E-06, 3E-06, 0.000369, -0.000118, 0.000609, ...
    0.10421800277622117, 9.893387297789443, 7.870115200323557;
    ];
end
