function [rob_param] = rob_model()
%ROBMODEL get the robot model
%% in the order of mass, com(x,y,z), I(ixx, ixy, ixz, iyy, iyz, izz), f, k_d, k_a
rob_param = [
    % 1
    1.3773, -2.3e-5,-0.010364, -0.07336, ...
    0.00457, 1E-06, 2E-06, 0.004831, 0.000448, 0.001409, ...
    0.5992315937299881, 9.520944873256974, 8.646970465345037;
    % 2
    1.1636, -4.4E-05, -0.09958, -0.013278, ...
    0.011088, 5E-06, 0, 0.001072, -0.000691, 0.011255, ...
    0.34366203073263896, 9.20299198088044, 9.215310326872524;
    % 3
    1.1636, -4.4E-05, -0.006641, -0.117892, ...
    0.010932, 0, -7E-06, 0.011127, 0.000606, 0.001043, ...
    0.3506008583859952, 10.583046512192272, 6.932871510818616;
    % 4
    0.9302, -1.8E-05, -0.075478, -0.015006, ...
    0.008147, -1E-06, 0, 0.000631, -0.0005, 0.008316, ...
    0.5464242406368038, 9.177042989636417, 10.291259653322605;
    % 5
    0.6781, 1E-06, -0.009432, -0.063883, ...
    0.001596, 0, 0, 0.001607, 0.000256, 0.000399, ...
    0.15837514822418686, 9.29842579705522, 7.580965609810452;
    % 6
    0.6781, 1E-06, -0.045483, -0.00965, ...
    0.001641, 0, 0, 0.00041, -0.000278, 0.001641, ...
    0.15058452644510134, 9.205723628320008, 7.928055179141073;
    % 7
    0.5, 0.000281, 0.011402, -0.029798, ...
    0.000587, 3E-06, 3E-06, 0.000369, -0.000118, 0.000609, ...
    0.15688350698225195, 9.273770270011179, 7.792393348148011;
    ];
end
