function [rob_param] = rob_model()
%ROBMODEL get the robot model
%% in the order of mass, com(x,y,z), I(ixx, ixy, ixz, iyy, iyz, izz), f, k_d, k_a
rob_param = [
    % 1
    1.3773, -2.3e-5,-0.010364, -0.07336, ...
    0.00457, 1E-06, 2E-06, 0.004831, 0.000448, 0.001409, ...
    0.6135694289905337, 8.151516859145902, 9.782246181414793;
    % 2
    1.1636, -4.4E-05, -0.09958, -0.013278, ...
    0.011088, 5E-06, 0, 0.001072, -0.000691, 0.011255, ...
    0.5815918726695373, 7.343421681281335, 12.105155086345057;
    % 3
    1.1636, -4.4E-05, -0.006641, -0.117892, ...
    0.010932, 0, -7E-06, 0.011127, 0.000606, 0.001043, ...
    0.3632258336076273, 10.20259721482813, 8.386536072611083;
    % 4
    0.9302, -1.8E-05, -0.075478, -0.015006, ...
    0.008147, -1E-06, 0, 0.000631, -0.0005, 0.008316, ...
    0.43661992964076124, 8.434995787627965, 11.585290169598801;
    % 5
    0.6781, 1E-06, -0.009432, -0.063883, ...
    0.001596, 0, 0, 0.001607, 0.000256, 0.000399, ...
    0.18223342269828283, 8.773743534176608, 8.447853670859258;
    % 6
    0.6781, 1E-06, -0.045483, -0.00965, ...
    0.001641, 0, 0, 0.00041, -0.000278, 0.001641, ...
    0.15326348216786875, 8.63909822368889, 8.805816857365043
    % 7
    0.5, 0.000281, 0.011402, -0.029798, ...
    0.000587, 3E-06, 3E-06, 0.000369, -0.000118, 0.000609, ...
    0.15055257554329082, 8.857252068860088, 8.805670190053815;
    ];
end
